[image]

width
640

height
480

[narrow_stereo/left]

camera matrix
442.469749 0.000000 334.575266
0.000000 443.642940 255.158637
0.000000 0.000000 1.000000

distortion
-0.386065 0.116931 0.003151 0.002205 0.000000

rectification
0.999929 -0.000254 -0.011924
0.000280 0.999998 0.002212
0.011924 -0.002215 0.999926

projection
390.003033 0.000000 354.687267 0.000000
0.000000 390.003033 258.242945 0.000000
0.000000 0.000000 1.000000 0.000000

# oST version 5.0 parameters


[image]

width
640

height
480

[narrow_stereo/right]

camera matrix
443.066217 0.000000 337.700103
0.000000 444.808037 253.557799
0.000000 0.000000 1.000000


camera matrix
443.066217 0.000000 337.700103
0.000000 444.808037 253.557799
0.000000 0.000000 1.000000

distortion
-0.383453 0.114068 0.003557 0.004845 0.000000

rectification
0.999556 -0.000863 -0.029771
0.000797 0.999997 -0.002226
0.029773 0.002201 0.999554

projection
390.003033 0.000000 354.687267 -23.225904
0.000000 390.003033 258.242945 0.000000
0.000000 0.000000 1.000000 0.000000


